; Dialog ini file

[DIALOG]
mainfont	= interface_dialog
subfont		= interface_dialog
mainFontScale	= 1.7
subFontScale	= 1.7
mainFontColor	= 4294967295
subFontColor	= 4288387995
subFontColorSelect	= 4294967168
maxtextlines	= 5
maxlinkslines	= 9
charnamefont	= interface_normal
charnamescale	= 1.8
charnameoffset	= 29,-20
charnameroleoffset = 29,-42
charnamecolor = 4294967295
charrolefont	= interface_normal
charrolescale	= 1.6
charroleoffset	= 29,-12
charrolecolor = 4293963615

[BACKPARAM]
baseScreenSize	= 1920,1080
baseScreenOffset = 0,0

texture		= interfaces\le\dialog.tga
textureWidth	= 2048
textureHeight	= 512

uvLeftTop = 0,0,0,0
uvRightTop = 0,0,0,0
uvLeftBottom = 0,0,0,0
uvRightBottom = 0,0,0,0
uvLeft = 0,0,0,0
uvRight = 0,0,0,0
uvTop = 0.01708984375,0.05859375,0.9833984375,0.1
uvBottom = 0,0,0,0
uvCenter = 0.01708984375,0.1,0.9833984375,0.498046875
uvDivider = 0.0146484375,0.625,0.9306640625,0.654296875
uvChrNameLeft = 0.01708984375,0.05859375,0.1,0.498046875
uvChrNameRight = 0.9,0.05859375,0.9833984375,0.498046875
uvChrNameCenter = 0.1,0.05859375,0.9,0.498046875
;uvChrNameCenter = 0.0146484375,0.66796875,0.2001953125,0.87890625
;uvChrRole = 0.0146484375,0.66796875,0.2001953125,0.87890625

chrNameOffset	= 19,-25.0
chrNameRoleOffset = 19,-45.0
ChrNameHeight	= 45
ChrNameRoleHeight = 65
ChrNameLeftWidth	= 15
ChrNameCenterWidth	= 242
ChrNameRightWidth	= 15

;chrRoleOffset	= 15.0,-50.0
;ChrRoleHeight	= 80
;ChrRoleWidth	= 242

dividerHeight = 10
dividerOffsetX = 6

backPosition = 200,600,1720,1060
backBorderOffset = 10,10,10,10

[BACKPARAM_4:3]
backPosition = 150,600,1770,1060

[BACKPARAM_5:4]
backPosition = 150,600,1770,1060

[BACKPARAM_16:9]
backPosition = 200,600,1720,1060

[BACKPARAM_16:10]
backPosition = 200,600,1720,1060

[BACKPARAM_21:9]
backPosition = 300,600,1620,1060

[BACKPARAM_32:9]
backPosition = 500,600,1420,1060

[BACKPARAM_43:18]
backPosition = 300,600,1620,1060

[BUTTON]
uvUpNormal = 0.9306640625,0.625,0.9443359375,0.66796875
uvDownNormal = 0.9443359375,0.625,0.9580078125,0.66796875
uvUpLight = 0.9580078125,0.625,0.9716796875,0.66796875
uvDownLight = 0.9716796875,0.625,0.9853515625,0.66796875
buttonSize	= 30,30